#software: Lavf63.1.101
#tb 0: 1/48000
#media_type 0: audio
#codec_id 0: pcm_f32le
#sample_rate 0: 48000
#channel_layout_name 0: 5.1(side)
0,        144,        144,      512,    12288, 0x707ec8b7
0,        648,        648,      512,    12288, 0x6b8a9cc4
0,       1160,       1160,      512,    12288, 0x523ce73b
0,       1656,       1656,      512,    12288, 0x125d3779
0,       2168,       2168,      512,    12288, 0xbc171b3b
0,       2664,       2664,      512,    12288, 0xded7a935
0,       3176,       3176,      512,    12288, 0x78933c04
0,       3672,       3672,      512,    12288, 0x65e0ab31
0,       4184,       4184,      512,    12288, 0x658ef01a
0,       4752,       4752,      512,    12288, 0x0fb6989e
0,       5256,       5256,      512,    12288, 0xabb260a6
0,       5768,       5768,      512,    12288, 0xf17acd18
0,       6264,       6264,      512,    12288, 0xce4f9bb9
0,       6776,       6776,      512,    12288, 0x8291c8f5
0,       7272,       7272,      512,    12288, 0x7a960219
0,       7784,       7784,      512,    12288, 0xb9ec6add
0,       8280,       8280,      512,    12288, 0x7c857f5f
0,       8792,       8792,      512,    12288, 0x48b362ac
0,       9360,       9360,      512,    12288, 0xb69c854c
0,       9864,       9864,      512,    12288, 0x92c67114
0,      10376,      10376,      512,    12288, 0x6a13ee51
0,      10872,      10872,      512,    12288, 0x5803d23e
0,      11384,      11384,      512,    12288, 0xa2f13bb3
0,      11880,      11880,      512,    12288, 0x1db2c73e
0,      12392,      12392,      512,    12288, 0x881ee5c7
0,      12888,      12888,      512,    12288, 0x78b74efc
0,      13400,      13400,      512,    12288, 0xe21bfa36
0,      13968,      13968,      512,    12288, 0xc50cf98a
0,      14472,      14472,      512,    12288, 0x22a9716d
0,      14984,      14984,      512,    12288, 0x4148b0d2
0,      15480,      15480,      512,    12288, 0xbe167e14
0,      15992,      15992,      512,    12288, 0x2fd23de9
0,      16488,      16488,      512,    12288, 0xcecdcfee
0,      17000,      17000,      512,    12288, 0x117f7004
0,      17496,      17496,      512,    12288, 0xfa06dea4
0,      18008,      18008,      512,    12288, 0xd9f6cfe5
0,      18576,      18576,      512,    12288, 0x301f12ef
0,      19080,      19080,      512,    12288, 0x02691faa
0,      19592,      19592,      512,    12288, 0x8abbadff
0,      20088,      20088,      512,    12288, 0x3d188b12
0,      20600,      20600,      512,    12288, 0x63e00604
0,      21096,      21096,      512,    12288, 0xe88f8ac3
0,      21608,      21608,      512,    12288, 0xb7a55c43
0,      22104,      22104,      512,    12288, 0x301e37d1
0,      22616,      22616,      512,    12288, 0x50ffa2d2
0,      23184,      23184,      512,    12288, 0x437b8287
0,      23688,      23688,      512,    12288, 0x3e08a534
0,      24200,      24200,      512,    12288, 0xc6effdf1
0,      24696,      24696,      512,    12288, 0x925c659f
0,      25208,      25208,      512,    12288, 0x814d964d
0,      25704,      25704,      512,    12288, 0xd37b5144
0,      26216,      26216,      512,    12288, 0x9651e154
0,      26712,      26712,      512,    12288, 0x48d78a93
0,      27224,      27224,      512,    12288, 0xf6ab06ee
0,      27792,      27792,      512,    12288, 0x0622a999
0,      28296,      28296,      512,    12288, 0xf13d64d6
0,      28808,      28808,      512,    12288, 0xcafa8000
0,      29304,      29304,      512,    12288, 0xa53cb180
0,      29816,      29816,      512,    12288, 0xa6363cda
0,      30312,      30312,      512,    12288, 0x4a3dd552
0,      30824,      30824,      512,    12288, 0x864dd0a6
0,      31320,      31320,      512,    12288, 0xb1e32001
0,      31832,      31832,      512,    12288, 0x2cf23a16
0,      32400,      32400,      512,    12288, 0x0c2111cb
0,      32904,      32904,      512,    12288, 0x67b3118d
0,      33416,      33416,      512,    12288, 0xaeed1118
0,      33912,      33912,      512,    12288, 0xda8eab34
0,      34424,      34424,      512,    12288, 0x5674184e
0,      34920,      34920,      512,    12288, 0x6c3ba6a0
0,      35432,      35432,      512,    12288, 0xb20ec59c
0,      35928,      35928,      512,    12288, 0x3552a748
0,      36440,      36440,      512,    12288, 0x12705002
0,      37008,      37008,      512,    12288, 0xf8a6d07a
0,      37512,      37512,      512,    12288, 0xbfceedbd
0,      37992,      37992,      512,    12288, 0xf6638ed9
0,      38520,      38520,      512,    12288, 0xf5405e1a
0,      39032,      39032,      512,    12288, 0x51300176
0,      39544,      39544,      512,    12288, 0x6f6f8447
0,      40056,      40056,      512,    12288, 0x4e097130
0,      40568,      40568,      512,    12288, 0xbe3ea6ec
0,      41064,      41064,      512,    12288, 0xf65601e3
0,      41576,      41576,      512,    12288, 0x1603378d
0,      42072,      42072,      512,    12288, 0x7fb0ce3b
0,      42584,      42584,      512,    12288, 0xbcbffe68
0,      43152,      43152,      512,    12288, 0x4a043f99
0,      43656,      43656,      512,    12288, 0x0e35a99d
0,      44168,      44168,      512,    12288, 0x15e4b696
0,      44664,      44664,      512,    12288, 0x7139117e
0,      45176,      45176,      512,    12288, 0x573c21de
0,      45672,      45672,      512,    12288, 0xb0a2e6b1
0,      46184,      46184,      512,    12288, 0x2d5e9496
0,      46680,      46680,      512,    12288, 0xb5de1e34
0,      47192,      47192,      512,    12288, 0x69d0079d
0,      47760,      47760,      512,    12288, 0x4bda2e3f
0,      48264,      48264,      512,    12288, 0x7e41f00c
0,      48776,      48776,      512,    12288, 0x8ac98c89
0,      49272,      49272,      512,    12288, 0x074990ff
0,      49784,      49784,      512,    12288, 0xc9a2d9d6
0,      50280,      50280,      512,    12288, 0x33b20ee3
0,      50792,      50792,      512,    12288, 0xfe392904
0,      51288,      51288,      512,    12288, 0x16edf7ab
0,      51800,      51800,      512,    12288, 0x0933ea30
0,      52368,      52368,      512,    12288, 0xf2a5c8b7
0,      52872,      52872,      512,    12288, 0x2c9c61be
0,      53384,      53384,      512,    12288, 0x16976e73
0,      53880,      53880,      512,    12288, 0x871c2a3d
0,      54392,      54392,      512,    12288, 0xf1e8242a
0,      54888,      54888,      512,    12288, 0xa2793067
0,      55400,      55400,      512,    12288, 0x95d9d45c
0,      55896,      55896,      512,    12288, 0x104d94eb
0,      56408,      56408,      512,    12288, 0x89ecc83b
0,      56976,      56976,      512,    12288, 0xeac67e71
0,      57480,      57480,      512,    12288, 0xac030524
0,      57992,      57992,      512,    12288, 0xe74e144b
0,      58488,      58488,      512,    12288, 0x6fe01bbf
0,      59000,      59000,      512,    12288, 0x8b784526
0,      59496,      59496,      512,    12288, 0xef0a55f5
0,      60008,      60008,      512,    12288, 0x4c87419e
0,      60504,      60504,      512,    12288, 0x4ae2b9aa
0,      61016,      61016,      512,    12288, 0x581dbbb2
0,      61584,      61584,      512,    12288, 0xdffa8336
0,      62088,      62088,      512,    12288, 0x33e13114
0,      62600,      62600,      512,    12288, 0x8b793817
0,      63096,      63096,      512,    12288, 0x0e1cbffb
0,      63608,      63608,      512,    12288, 0x927826c7
0,      64104,      64104,      512,    12288, 0x7a976831
0,      64616,      64616,      512,    12288, 0xccb74281
0,      65112,      65112,      512,    12288, 0xa2c95543
0,      65624,      65624,      512,    12288, 0x71e20f1e
0,      66192,      66192,      512,    12288, 0x79102f6e
0,      66696,      66696,      512,    12288, 0x9d69b1d0
0,      67208,      67208,      512,    12288, 0xef72b6c8
0,      67704,      67704,      512,    12288, 0x4ae0ce8d
0,      68216,      68216,      512,    12288, 0xf0c6e9b2
0,      68712,      68712,      512,    12288, 0x939fa50a
0,      69224,      69224,      512,    12288, 0x5415a109
0,      69720,      69720,      512,    12288, 0x7d92ab29
0,      70232,      70232,      512,    12288, 0xcb34d8cd
0,      70800,      70800,      512,    12288, 0xa7a810b9
0,      71304,      71304,      512,    12288, 0x8cb7e3e5
0,      71816,      71816,      512,    12288, 0xc26658a8
0,      72312,      72312,      512,    12288, 0x5d927874
0,      72824,      72824,      512,    12288, 0x80815d0d
0,      73320,      73320,      512,    12288, 0x20519d2f
0,      73832,      73832,      512,    12288, 0xc8b76472
0,      74328,      74328,      512,    12288, 0x70bd0dd6
0,      74840,      74840,      512,    12288, 0xbe0ddc7f
0,      75408,      75408,      512,    12288, 0x46822f40
0,      75912,      75912,      512,    12288, 0x61ae50a4
0,      76424,      76424,      512,    12288, 0x82ad4fab
0,      76920,      76920,      512,    12288, 0xc86e6801
0,      77432,      77432,      512,    12288, 0x10936652
0,      77928,      77928,      512,    12288, 0xa418fe4c
0,      78440,      78440,      512,    12288, 0xde51de99
0,      78936,      78936,      512,    12288, 0xce74d459
0,      79448,      79448,      512,    12288, 0x1f8fd3b8
0,      80016,      80016,      512,    12288, 0xcfc5ef52
0,      80520,      80520,      512,    12288, 0xe59458f6
0,      81032,      81032,      512,    12288, 0x2b066067
0,      81528,      81528,      512,    12288, 0xc19291fb
0,      82040,      82040,      512,    12288, 0x4d8ab893
0,      82536,      82536,      512,    12288, 0x576fb04e
0,      83048,      83048,      512,    12288, 0xad584fb4
0,      83544,      83544,      512,    12288, 0xa85b777e
0,      84056,      84056,      512,    12288, 0x0c813d2c
0,      84624,      84624,      512,    12288, 0x94969584
0,      85128,      85128,      512,    12288, 0xeb679015
0,      85608,      85608,      512,    12288, 0xa1697eb1
0,      86136,      86136,      512,    12288, 0xcf1c22f4
0,      86648,      86648,      512,    12288, 0x2aeaae75
0,      87160,      87160,      512,    12288, 0xc569da80
0,      87672,      87672,      512,    12288, 0xffe42922
0,      88184,      88184,      512,    12288, 0x3cf4b313
0,      88680,      88680,      512,    12288, 0x417251d3
0,      89192,      89192,      512,    12288, 0x5ff7ea91
0,      89688,      89688,      512,    12288, 0x13786b77
0,      90200,      90200,      512,    12288, 0xe7fe8bec
0,      90768,      90768,      512,    12288, 0x5651c450
0,      91272,      91272,      512,    12288, 0xb28d8b4f
0,      91784,      91784,      512,    12288, 0x80197f60
0,      92280,      92280,      512,    12288, 0xeac76f7c
0,      92792,      92792,      512,    12288, 0xb4dc166d
0,      93288,      93288,      512,    12288, 0x9b59ab1e
0,      93800,      93800,      512,    12288, 0x155fe273
0,      94296,      94296,      512,    12288, 0x3f5c1e23
0,      94808,      94808,      512,    12288, 0x0eebc11d
0,      95376,      95376,      512,    12288, 0x9c2f8b35
0,      95880,      95880,      512,    12288, 0xfd83d168
0,      96392,      96392,      512,    12288, 0x48387469
0,      96888,      96888,      512,    12288, 0xd7d9b9bb
0,      97400,      97400,      512,    12288, 0xdd0c1d17
0,      97896,      97896,      512,    12288, 0x774362c1
0,      98408,      98408,      512,    12288, 0x67e365fd
0,      98904,      98904,      512,    12288, 0xdb917af2
0,      99416,      99416,      512,    12288, 0x0f393804
0,      99984,      99984,      512,    12288, 0x7bbdcf0f
0,     100488,     100488,      512,    12288, 0x84374fc4
0,     101000,     101000,      512,    12288, 0x5906c79d
0,     101496,     101496,      512,    12288, 0x1a049fdb
0,     102008,     102008,      512,    12288, 0x02a8b37b
0,     102504,     102504,      512,    12288, 0x7f83fa90
0,     103016,     103016,      512,    12288, 0x1a8c20e1
0,     103512,     103512,      512,    12288, 0x95d3bec9
0,     104024,     104024,      512,    12288, 0x3990fd27
0,     104592,     104592,      512,    12288, 0xf49f926f
0,     105096,     105096,      512,    12288, 0xd41560bb
0,     105608,     105608,      512,    12288, 0xb2f1c39d
0,     106104,     106104,      512,    12288, 0x82851665
0,     106616,     106616,      512,    12288, 0x664feb26
0,     107112,     107112,      512,    12288, 0xc0ca7cb7
0,     107624,     107624,      512,    12288, 0x709a61f1
0,     108120,     108120,      512,    12288, 0x9fddd9c0
0,     108632,     108632,      512,    12288, 0xcdaadf72
0,     109200,     109200,      512,    12288, 0xa571668f
0,     109704,     109704,      512,    12288, 0xcf19c18a
0,     110216,     110216,      512,    12288, 0xde2cfdd9
0,     110712,     110712,      512,    12288, 0x6732f46b
0,     111224,     111224,      512,    12288, 0x9f086927
0,     111720,     111720,      512,    12288, 0x16313f6c
0,     112232,     112232,      512,    12288, 0x593e115c
0,     112728,     112728,      512,    12288, 0x2b49c891
0,     113240,     113240,      512,    12288, 0x554e6841
0,     113808,     113808,      512,    12288, 0x05f99046
0,     114312,     114312,      512,    12288, 0x00026707
0,     114824,     114824,      512,    12288, 0x4bd20859
0,     115320,     115320,      512,    12288, 0x72b832f0
0,     115832,     115832,      512,    12288, 0x03b05741
0,     116328,     116328,      512,    12288, 0xd6932db7
0,     116840,     116840,      512,    12288, 0x070f2411
0,     117336,     117336,      512,    12288, 0x12dd4ed5
0,     117848,     117848,      512,    12288, 0x812d1097
0,     118416,     118416,      512,    12288, 0xc8f7c80c
0,     118920,     118920,      512,    12288, 0xd15fab21
0,     119432,     119432,      512,    12288, 0x3a2b36dd
0,     119928,     119928,      512,    12288, 0xd8f36665
0,     120440,     120440,      512,    12288, 0x1393df0f
0,     120936,     120936,      512,    12288, 0x7d3de9d6
0,     121448,     121448,      512,    12288, 0x07cfc517
0,     121944,     121944,      512,    12288, 0xbefbdb33
0,     122456,     122456,      512,    12288, 0xe50a77ca
0,     123024,     123024,      512,    12288, 0x5e0c3d26
0,     123528,     123528,      512,    12288, 0x81e64cdc
0,     124040,     124040,      512,    12288, 0x6ee110ff
0,     124536,     124536,      512,    12288, 0xf497ec55
0,     125048,     125048,      512,    12288, 0x7ffb5bef
0,     125544,     125544,      512,    12288, 0x20dd4e8f
0,     126056,     126056,      512,    12288, 0x37292bbb
0,     126552,     126552,      512,    12288, 0xf276c419
0,     127064,     127064,      512,    12288, 0x16b1fccd
0,     127632,     127632,      512,    12288, 0xd09aadbb
0,     128136,     128136,      512,    12288, 0x4b48354e
0,     128648,     128648,      512,    12288, 0xc021f873
0,     129144,     129144,      512,    12288, 0xe1abf168
0,     129656,     129656,      512,    12288, 0x0d12310e
0,     130152,     130152,      512,    12288, 0x5c424f78
0,     130664,     130664,      512,    12288, 0xe7606893
0,     131160,     131160,      512,    12288, 0x210e8967
0,     131672,     131672,      512,    12288, 0xabba9e28
0,     132240,     132240,      512,    12288, 0x0afc1434
0,     132744,     132744,      512,    12288, 0x5506072c
0,     133256,     133256,      512,    12288, 0x0f0b80e9
0,     133752,     133752,      512,    12288, 0x47a7088a
0,     134264,     134264,      512,    12288, 0x5bac1696
0,     134760,     134760,      512,    12288, 0x03e0fce8
0,     135272,     135272,      512,    12288, 0xf3435d0b
0,     135768,     135768,      512,    12288, 0x1d72d68b
0,     136280,     136280,      512,    12288, 0x1f179383
0,     136776,     136776,      512,    12288, 0xba455d9a
0,     137288,     137288,      512,    12288, 0x1a7f5761
0,     137784,     137784,      512,    12288, 0x9f9ed8eb
0,     138296,     138296,      512,    12288, 0xac70a382
0,     138864,     138864,      512,    12288, 0x7f6b7d07
0,     139368,     139368,      512,    12288, 0xf77b74d1
0,     139880,     139880,      512,    12288, 0x103c260a
0,     140376,     140376,      512,    12288, 0x0995e345
0,     140888,     140888,      512,    12288, 0xa56e1335
0,     141384,     141384,      512,    12288, 0xfc7a6dbe
0,     141896,     141896,      512,    12288, 0x1f5d3f22
0,     142392,     142392,      512,    12288, 0x2be43e8c
0,     142904,     142904,      512,    12288, 0x1ebaffaf
0,     143472,     143472,      512,    12288, 0xc4759e32
0,     143976,     143976,      512,    12288, 0x4193be32
0,     144488,     144488,      512,    12288, 0x0fb4ae1c
0,     144984,     144984,      512,    12288, 0xc584772e
0,     145496,     145496,      512,    12288, 0xc8c121b5
0,     145992,     145992,      512,    12288, 0x548df5ad
0,     146504,     146504,      512,    12288, 0x74c436c9
0,     147000,     147000,      512,    12288, 0x73c342d0
0,     147512,     147512,      512,    12288, 0xa9927514
0,     148080,     148080,      512,    12288, 0x453626e0
0,     148584,     148584,      512,    12288, 0x455816e7
0,     149096,     149096,      512,    12288, 0x58bffc9b
0,     149592,     149592,      512,    12288, 0x2388c18b
0,     150104,     150104,      512,    12288, 0xdca6acae
0,     150600,     150600,      512,    12288, 0x553b0e44
0,     151112,     151112,      512,    12288, 0xeeaba606
0,     151608,     151608,      512,    12288, 0xff0e2ff4
0,     152120,     152120,      512,    12288, 0x9bb2e09a
0,     152688,     152688,      512,    12288, 0x6c9c8f20
0,     153192,     153192,      512,    12288, 0x0ff0574e
0,     153704,     153704,      512,    12288, 0xfa658930
0,     154200,     154200,      512,    12288, 0x6d00b1f3
0,     154712,     154712,      512,    12288, 0x9fefecb0
0,     155208,     155208,      512,    12288, 0xa2305583
0,     155720,     155720,      512,    12288, 0x90d23813
0,     156216,     156216,      512,    12288, 0xe5f0dfd3
0,     156728,     156728,      512,    12288, 0x95b47813
0,     157296,     157296,      512,    12288, 0x603efe24
0,     157800,     157800,      512,    12288, 0x2896949b
0,     158312,     158312,      512,    12288, 0x7f6061aa
0,     158808,     158808,      512,    12288, 0xa862c556
0,     159320,     159320,      512,    12288, 0x931611dd
0,     159816,     159816,      512,    12288, 0x23a0924a
0,     160328,     160328,      512,    12288, 0x77120a5b
0,     160824,     160824,      512,    12288, 0xea18dc70
0,     161336,     161336,      512,    12288, 0xcfb7136c
0,     161904,     161904,      512,    12288, 0xdd942206
0,     162408,     162408,      512,    12288, 0xd72b9e36
0,     162920,     162920,      512,    12288, 0xdeb6a96d
0,     163416,     163416,      512,    12288, 0xe24c3278
0,     163928,     163928,      512,    12288, 0x4ac149be
0,     164424,     164424,      512,    12288, 0x14b82422
0,     164936,     164936,      512,    12288, 0xe193d0be
0,     165432,     165432,      512,    12288, 0x54b47c75
0,     165944,     165944,      512,    12288, 0x8459bf11
0,     166512,     166512,      512,    12288, 0x416a4a8a
0,     167016,     167016,      512,    12288, 0xab60497a
0,     167528,     167528,      512,    12288, 0xced8c275
0,     168024,     168024,      512,    12288, 0x0ea35464
0,     168536,     168536,      512,    12288, 0xffe5f369
0,     169032,     169032,      512,    12288, 0xc3e902ed
0,     169544,     169544,      512,    12288, 0xb693739e
0,     170040,     170040,      512,    12288, 0x88096933
0,     170552,     170552,      512,    12288, 0xe24a0340
0,     171120,     171120,      512,    12288, 0x5e48625a
0,     171624,     171624,      512,    12288, 0x508c97c6
0,     172136,     172136,      512,    12288, 0xaf879563
0,     172632,     172632,      512,    12288, 0x8d0abcc1
0,     173144,     173144,      512,    12288, 0xd6bb9887
0,     173640,     173640,      512,    12288, 0x9031a1ff
0,     174152,     174152,      512,    12288, 0xc26a9a9f
0,     174648,     174648,      512,    12288, 0xee7fa44a
0,     175160,     175160,      512,    12288, 0xc1704657
0,     175728,     175728,      512,    12288, 0xe270a450
0,     176232,     176232,      512,    12288, 0xd2fa68bd
0,     176744,     176744,      512,    12288, 0xc3990ff3
0,     177240,     177240,      512,    12288, 0xd4b6832c
0,     177752,     177752,      512,    12288, 0xc918f390
0,     178248,     178248,      512,    12288, 0xf81569e1
0,     178760,     178760,      512,    12288, 0xd8cc75a6
0,     179256,     179256,      512,    12288, 0x99c0bcaf
0,     179768,     179768,      512,    12288, 0x133c75bc
0,     180336,     180336,      512,    12288, 0x95723507
0,     180840,     180840,      512,    12288, 0xedf99627
0,     181352,     181352,      512,    12288, 0xe25cd6d7
0,     181848,     181848,      512,    12288, 0xf09e96ac
0,     182376,     182376,      512,    12288, 0x6719ec8a
0,     182888,     182888,      512,    12288, 0xdfaf28f7
0,     183400,     183400,      512,    12288, 0x7f3da716
0,     183912,     183912,      512,    12288, 0x94612b72
0,     184424,     184424,      512,    12288, 0x0a2db4c7
0,     184920,     184920,      512,    12288, 0xe8e69841
0,     185432,     185432,      512,    12288, 0x4cc0242f
0,     185928,     185928,      512,    12288, 0x4a8b65db
0,     186440,     186440,      512,    12288, 0xbc63e72e
0,     187008,     187008,      512,    12288, 0xde7bbcb5
0,     187512,     187512,      512,    12288, 0xf8937be7
0,     188024,     188024,      512,    12288, 0x6a6608eb
0,     188520,     188520,      512,    12288, 0x83d36c64
0,     189032,     189032,      512,    12288, 0x86ffb162
0,     189528,     189528,      512,    12288, 0x9e5615be
0,     190040,     190040,      512,    12288, 0x2e1e90e4
0,     190536,     190536,      512,    12288, 0xe831089e
0,     191048,     191048,      512,    12288, 0x20aec15d
0,     191616,     191616,      512,    12288, 0xa88f32c0
0,     192120,     192120,      512,    12288, 0xd7fc20ab
0,     192632,     192632,      512,    12288, 0xea947338
0,     193128,     193128,      512,    12288, 0x0340cf43
0,     193640,     193640,      512,    12288, 0xa99a3fd6
0,     194136,     194136,      512,    12288, 0xe1e63db0
0,     194648,     194648,      512,    12288, 0xcedb61ab
0,     195144,     195144,      512,    12288, 0x7e8350d3
0,     195656,     195656,      512,    12288, 0x5f8c5584
0,     196224,     196224,      512,    12288, 0x642f2055
0,     196728,     196728,      512,    12288, 0x8f5ac6f5
0,     197240,     197240,      512,    12288, 0xf62e11a4
0,     197736,     197736,      512,    12288, 0x274d0025
0,     198248,     198248,      512,    12288, 0x22b011ca
0,     198744,     198744,      512,    12288, 0x4878d5ca
0,     199256,     199256,      512,    12288, 0xa4071e4c
0,     199752,     199752,      512,    12288, 0x882bdedb
0,     200264,     200264,      512,    12288, 0x657b82de
0,     200832,     200832,      512,    12288, 0xd2411ef7
0,     201336,     201336,      512,    12288, 0x72dff369
0,     201848,     201848,      512,    12288, 0xc36cdf31
0,     202344,     202344,      512,    12288, 0x0c8d12a0
0,     202856,     202856,      512,    12288, 0xa8c01ae7
0,     203352,     203352,      512,    12288, 0x1804dfa6
0,     203864,     203864,      512,    12288, 0x9865f7cf
0,     204360,     204360,      512,    12288, 0x68af6f12
0,     204872,     204872,      512,    12288, 0xfcdb64ce
0,     205440,     205440,      512,    12288, 0x7579916e
0,     205944,     205944,      512,    12288, 0x089de288
0,     206456,     206456,      512,    12288, 0x9ad479af
0,     206952,     206952,      512,    12288, 0x40f21cbe
0,     207464,     207464,      512,    12288, 0x35038fd7
0,     207960,     207960,      512,    12288, 0x9f79dc2b
0,     208472,     208472,      512,    12288, 0xdee776d7
0,     208968,     208968,      512,    12288, 0xb7579206
0,     209480,     209480,      512,    12288, 0x3cfab660
0,     210048,     210048,      512,    12288, 0x2880b959
0,     210552,     210552,      512,    12288, 0x27bfd0e9
0,     211064,     211064,      512,    12288, 0x88a14d7e
0,     211560,     211560,      512,    12288, 0x9b0780ee
0,     212072,     212072,      512,    12288, 0x472040fa
0,     212568,     212568,      512,    12288, 0xbdfd5456
0,     213080,     213080,      512,    12288, 0xa948a309
0,     213576,     213576,      512,    12288, 0x34faaca2
0,     214088,     214088,      512,    12288, 0xba7e37bd
0,     214656,     214656,      512,    12288, 0xed82d323
0,     215160,     215160,      512,    12288, 0xcfb29fbc
0,     215672,     215672,      512,    12288, 0x544930d7
0,     216168,     216168,      512,    12288, 0x506dfeef
0,     216680,     216680,      512,    12288, 0x2001b11c
0,     217176,     217176,      512,    12288, 0xff270321
0,     217688,     217688,      512,    12288, 0xf4caf3f0
0,     218184,     218184,      512,    12288, 0xe4fcd481
0,     218696,     218696,      512,    12288, 0x5116288e
0,     219264,     219264,      512,    12288, 0x95010ef5
0,     219768,     219768,      512,    12288, 0xc6bc2f1c
0,     220280,     220280,      512,    12288, 0x897e3c04
0,     220776,     220776,      512,    12288, 0x0926f6a4
0,     221288,     221288,      512,    12288, 0xc2ebd7a0
0,     221784,     221784,      512,    12288, 0x15ce6181
0,     222296,     222296,      512,    12288, 0x8c439b5e
0,     222792,     222792,      512,    12288, 0x86b4ba3a
0,     223304,     223304,      512,    12288, 0x51bdbe5a
0,     223872,     223872,      512,    12288, 0x48de07c6
0,     224376,     224376,      512,    12288, 0xaa0e800b
0,     224888,     224888,      512,    12288, 0x5817e21e
0,     225384,     225384,      512,    12288, 0xffb081c5
0,     225896,     225896,      512,    12288, 0xe2a77f2c
0,     226392,     226392,      512,    12288, 0xf8341687
0,     226904,     226904,      512,    12288, 0xded0c7ea
0,     227400,     227400,      512,    12288, 0x4b70f503
0,     227912,     227912,      512,    12288, 0x832d202d
0,     228480,     228480,      512,    12288, 0x1ba01f59
0,     228984,     228984,      512,    12288, 0xa196805f
0,     229496,     229496,      512,    12288, 0x39117c0a
0,     229992,     229992,      512,    12288, 0xbae71cf3
0,     230504,     230504,      512,    12288, 0x71982713
0,     231000,     231000,      512,    12288, 0x8b8e86c7
0,     231512,     231512,      512,    12288, 0xa3318fd7
0,     232008,     232008,      512,    12288, 0xfce0890e
0,     232520,     232520,      512,    12288, 0x76411012
0,     233088,     233088,      512,    12288, 0x6aec8428
0,     233592,     233592,      512,    12288, 0x99c7c2fc
0,     234072,     234072,      512,    12288, 0xb350a314
0,     234600,     234600,      512,    12288, 0x0c848d96
0,     235112,     235112,      512,    12288, 0x7bee3336
0,     235624,     235624,      512,    12288, 0xbb2502ce
0,     236136,     236136,      512,    12288, 0x38c9c27b
0,     236648,     236648,      512,    12288, 0x19c28dcd
0,     237144,     237144,      512,    12288, 0x71043b74
0,     237656,     237656,      512,    12288, 0x0382a80b
0,     238152,     238152,      512,    12288, 0xbae012d2
0,     238664,     238664,      512,    12288, 0x7d720b4a
0,     239232,     239232,      512,    12288, 0x832d1a60
0,     239736,     239736,      408,     9792, 0x937b95a0
