#software: Lavf63.1.101
#tb 0: 1/48000
#media_type 0: audio
#codec_id 0: pcm_f32le
#sample_rate 0: 48000
#channel_layout_name 0: 5.1(side)
0,          0,          0,      512,    12288, 0x1f09c419
0,        512,        512,      512,    12288, 0xf2d7fd74
0,       1024,       1024,      512,    12288, 0x5854a955
0,       1536,       1536,      512,    12288, 0x4003a02d
0,       2048,       2048,      512,    12288, 0x945bf9e3
0,       2560,       2560,      512,    12288, 0x5854a955
0,       3072,       3072,      512,    12288, 0x4003a02d
0,       3584,       3584,      512,    12288, 0x945bf9e3
0,       4096,       4096,      512,    12288, 0x5854a955
0,       4608,       4608,      512,    12288, 0x4003a02d
0,       5120,       5120,      512,    12288, 0x945bf9e3
0,       5632,       5632,      512,    12288, 0x5854a955
0,       6144,       6144,      512,    12288, 0x4003a02d
0,       6656,       6656,      512,    12288, 0x945bf9e3
0,       7168,       7168,      512,    12288, 0x5854a955
0,       7680,       7680,      512,    12288, 0x4003a02d
0,       8192,       8192,      512,    12288, 0x945bf9e3
0,       8704,       8704,      512,    12288, 0x5854a955
0,       9216,       9216,      384,     9216, 0xf04677fe
