#software: Lavf63.1.101
#tb 0: 1/48000
#media_type 0: audio
#codec_id 0: pcm_f32le
#sample_rate 0: 48000
#channel_layout_name 0: 5.1(side)
0,        144,        144,      512,    12288, 0x707ec8b7
0,        648,        648,      512,    12288, 0x6b8a9cc4
0,       1160,       1160,      512,    12288, 0x523ce73b
0,       1656,       1656,      512,    12288, 0x125d3779
0,       2168,       2168,      512,    12288, 0xbc171b3b
0,       2664,       2664,      512,    12288, 0xded7a935
0,       3176,       3176,      512,    12288, 0x78933c04
0,       3672,       3672,      512,    12288, 0x65e0ab31
0,       4184,       4184,      512,    12288, 0x658ef01a
0,       4752,       4752,      512,    12288, 0x0fb6989e
0,       5256,       5256,      512,    12288, 0xabb260a6
0,       5768,       5768,      512,    12288, 0xf17acd18
0,       6264,       6264,      512,    12288, 0xce4f9bb9
0,       6776,       6776,      512,    12288, 0x8291c8f5
0,       7272,       7272,      512,    12288, 0x7a960219
0,       7784,       7784,      512,    12288, 0xb9ec6add
0,       8280,       8280,      512,    12288, 0x7c857f5f
0,       8792,       8792,      512,    12288, 0x48b362ac
0,       9360,       9360,      384,     9216, 0x364b4f4c
